Standard CSP>
Total Elapsed Time : 0.009

CSP with Forward Checking>
Location : 0 3 6 17 40 1045 30 1049 354 81 348 389 1048 1 301 315 358 319 350 287 1038 299 257 1047 391 297 303 313 295 343 346 1043 1046 369 1042 291 324 1035 410 1029 423 305 1044 323 413 363 2 351 419 1041 533 300 342 1039 4 306 340 379 1040 278 331 309 1032 308 1036 270 383 274 344 381 398 254 1034 347 353 1033 587 302 1026 266 403 333 1028 1037 387 1027 641 341 8 1025 401 1031 573 256 655 335 422 328 1030 314 651 262 394 1013 1022 222 635 298 402 320 645 1023 407 242 1016 288 643 377 597 1019 539 226 1010 355 1020 276 1024 294 453 1011 633 234 10 1009 595 1021 1000 282 647 272 631 1007 665 250 637 230 527 286 1018 240 667 1003 593 290 998 212 609 228 621 238 1014 280 611 214 1012 399 697 232 599 218 627 284 659 1015 566 1005 673 260 591 252 649 384 629 264 691 371 675 997 615 359 705 268 1006 246 1002 339 701 382 584 376 685 396 639 441 677 506 607 1001 707 991 661 431 603 397 1004 674 706 411 664 500 668 554 618 999 704 552 994 562 644 438 734 626 996 449 642 995 736 610 676 544 992 983 712 678 207 638 652 722 988 993 606 656 237 682 221 612 990 987 690 542 684 728 616 660 986 989 666 625 255 714 725 619 743 985 1017 590 281 686 984 598 713 632 689 981 976 688 251 730 267 548 271 628 715 692 709 601 253 708 275 738 247 592 719 600 729 634 279 620 693 658 259 698 687 560 735 622 982 670 679 640 585 630 669 608 617 624 583 602 571 579 529 696 721 710 970 556 1008 564 636 470 577 450 980 224 574 498 261 448 265 520 241 474 731 452 532 490 711 586 277 528 263 594 703 975 289 514 243 326 273 973 978 969 283 304 269 330 960 310 526 567 249 977 245 971 209 525 966 543 733 547 972 750 755 569 201 965 225 953 741 541 189 551 217 236 968 198 211 575 193 206 964 979 199 963 858 535 183 961 952 869 894 849 534 545 135 843 866 863 530 557 958 851 113 959 570 553 850 841 522 90 95 957 111 162 77 531 956 186 962 102 516 64 173 56 580 196 49 106 852 563 954 967 538 555 948 60 181 227 45 168 69 565 59 158 175 204 540 194 258 48 177 646 244 192 220 951 146 776 178 156 950 821 104 837 96 947 54 955 120 87 834 153 176 879 814 121 974 859 942 163 724 875 872 833 810 945 878 723 857 155 860 787 744 805 832 195 680 171 798 187 216 775 82 159 865 165 98 147 132 185 208 739 190 51 32 151 160 75 92 55 66 129 46 83 136 7 94 15 24 105 42 125 38 25 88 13 26 93 78 37 14 139 52 149 114 127 142 61 80 133 50 27 844 169 84 145 128 307 109 482 138 29 501 167 507 480 493 484 447 464 338 524 332 596 451 456 489 536 559 508 549 572 465 444 455 424 537 588 497 494 459 466 483 614 427 416 561 568 581 502 443 558 467 504 523 578 334 582 481 576 372 357 469 550 388 546 463 349 515 486 473 408 509 454 360 510 374 476 433 518 437 317 362 327 356 337 378 462 100 373 336 432 312 367 352 496 409 361 316 329 368 492 364 345 72 791 366 747 292 321 44 99 86 801 370 847 296 777 924 769 62 91 764 913 76 783 70 31 108 921 140 53 124 97 154 923 130 137 152 115 34 143 914 21 74 141 118 85 134 103 12 117 18 39 916 35 68 89 786 47 790 101 184 23 946 79 112 11 58 131 174 63 122 949 828 73 28 811 16 939 794 57 180 33 936 43 818 825 144 943 150 935 938 65 812 19 822 107 940 123 126 71 20 5 944 827 36 831 856 41 110 9 802 67 926 941 934 417 22 933 116 425 392 375 412 929 770 937 404 393 380 445 928 807 604 395 930 435 836 589 418 931 920 623 756 925 780 605 694 919 886 613 772 845 922 861 932 797 654 785 762 881 746 683 472 927 830 653 766 819 758 781 820 737 816 803 784 717 390 867 740 853 716 671 778 663 700 681 742 405 702 795 754 429 800 817 720 771 774 899 912 779 782 911 796 761 478 909 918 657 386 889 870 161 910 767 732 191 182 421 166 907 898 179 880 751 511 458 846 488 499 813 519 903 170 887 233 897 904 672 231 763 503 430 521 434 219 650 902 440 513 426 517 414 892 917 239 406 285 905 215 648 293 119 248 157 439 235 148 893 505 213 172 471 164 475 908 203 188 457 202 197 210 223 442 205 854 365 200 325 906 485 428 311 322 229 882 727 512 491 890 915 318 385 420 901 436 477 460 699 718 495 446 479 468 487 400 461 792 695 868 891 768 757 806 415 752 759 900 765 896 839 726 799 876 885 808 829 842 745 662 877 826 871 888 773 760 749 838 753 848 883 804 855 884 793 874 895 864 823 748 815 862 873 840 809 788 835 824 789 
Total Elapsed Time : 6.857

CSP with Arc Consistency>
Total Elapsed Time : 0.002

