Standard CSP>
Total Elapsed Time : 0.01

CSP with Forward Checking>
Location : 0 3 6 17 40 1245 30 1249 484 81 476 368 1248 1 803 469 343 457 333 445 1238 485 426 1247 494 373 500 374 462 441 365 1243 1246 489 1242 513 366 1235 355 1229 385 401 1244 503 809 371 2 358 464 1241 381 437 319 1239 4 396 783 354 1240 398 347 386 1232 473 1236 367 356 475 514 349 351 427 1234 465 506 1233 431 499 1226 515 420 357 1228 1237 512 1227 807 467 8 1225 364 1231 823 326 767 363 773 455 1230 372 345 589 717 1213 1222 408 793 527 705 453 719 1223 711 723 1216 370 477 394 759 1219 495 707 1210 311 1220 325 1224 353 419 1211 721 545 10 1209 390 1221 1200 377 763 583 751 1207 435 306 405 350 733 322 1218 332 379 1203 737 392 1198 404 729 770 376 330 1214 764 789 300 1212 388 741 452 341 806 791 316 397 1215 819 1205 735 296 743 318 799 310 815 790 827 402 817 1197 339 671 745 308 1206 290 1202 284 785 384 749 342 805 302 329 569 797 360 777 1201 375 1191 757 778 685 348 1204 792 779 288 813 800 765 312 801 1199 747 578 1194 292 811 592 769 286 1196 776 787 1195 693 798 795 352 1192 1183 727 594 709 782 667 768 1188 1193 691 766 657 602 663 788 1190 1187 755 264 703 278 643 762 1186 1189 725 270 436 282 839 780 414 1185 1217 644 825 610 1184 786 466 756 442 1181 1176 272 315 608 432 760 327 406 772 652 458 796 821 380 728 804 829 630 752 754 845 818 744 298 835 758 692 736 321 636 472 784 1182 852 440 808 698 774 686 750 307 481 857 507 724 648 847 814 843 828 1170 802 1208 704 672 722 859 832 1180 846 265 822 683 712 301 830 761 844 684 740 658 810 710 748 781 268 775 746 668 1175 283 675 309 649 313 1173 1178 1169 267 716 279 266 1160 816 694 276 680 1177 771 1171 696 864 1166 834 726 876 1172 836 281 854 295 1165 303 1153 720 597 269 676 653 840 1168 254 678 706 677 666 1164 1179 620 1163 273 656 681 1161 1152 650 699 642 665 516 335 732 293 618 640 742 1158 534 715 1159 697 468 291 616 901 498 305 1157 491 638 614 634 1156 508 1162 738 285 632 869 688 861 708 317 664 255 674 1154 1167 231 662 1148 344 241 714 215 842 903 304 891 609 217 320 622 848 909 230 221 324 297 611 211 1151 879 613 179 1143 1150 669 259 1053 239 1147 612 635 1014 222 1174 1145 1142 627 181 1155 263 208 203 234 195 1021 624 633 596 1049 604 625 897 228 237 607 227 629 626 1137 197 271 1144 991 105 229 251 1131 1136 250 193 1141 249 623 253 196 1138 247 1132 232 256 277 200 212 1140 1135 73 218 163 236 1126 1149 183 637 207 194 258 176 57 216 235 198 262 287 98 1127 86 109 118 156 1128 39 185 45 160 1139 731 173 144 149 188 166 100 155 1134 1123 739 145 172 1133 78 171 314 190 182 280 152 1055 1017 89 1041 730 1130 323 68 199 1010 905 1120 1129 1004 108 1047 889 904 995 984 157 890 1025 1028 941 956 1005 1036 999 1056 1051 1018 1038 988 1031 140 947 964 887 1037 1013 1045 177 934 1046 990 189 944 1048 874 1043 96 1032 850 219 605 167 601 628 655 690 168 187 104 682 932 866 48 169 178 119 42 395 24 99 84 135 120 191 136 598 112 23 50 117 22 902 94 5 38 49 565 31 36 908 424 7 603 574 62 584 641 580 593 544 639 562 595 502 521 564 555 492 529 451 517 482 577 646 661 600 651 528 695 399 591 411 525 654 645 423 617 488 687 718 701 568 673 670 428 660 71 538 438 520 587 560 430 700 713 576 647 586 535 425 585 429 659 566 450 447 90 536 46 702 336 524 434 588 619 522 328 558 400 480 412 91 378 417 382 490 340 369 416 606 346 383 76 387 56 53 615 413 102 403 418 407 338 393 92 389 114 409 110 123 82 548 334 337 422 79 66 915 88 25 60 141 64 113 164 143 44 1085 122 95 34 107 920 77 1082 11 158 47 910 27 252 75 206 275 918 43 106 13 916 245 58 917 224 1093 260 103 1084 83 240 923 248 1091 14 115 26 165 1088 929 124 85 72 1113 154 55 204 1101 926 299 1092 289 936 1033 20 175 1034 59 18 933 162 9 1146 21 130 983 294 51 192 67 32 931 146 69 74 19 132 159 174 101 962 63 70 935 970 1115 12 331 128 1125 1122 97 28 1111 80 33 1124 61 922 963 1110 1007 52 1119 572 1097 554 561 1116 87 948 35 552 65 54 949 16 939 556 93 1118 1121 998 15 138 37 924 29 974 1117 456 41 530 1107 938 509 504 1095 1114 511 930 415 446 421 486 463 1112 433 1108 957 1030 449 496 1109 460 501 470 599 994 1027 1104 461 1098 479 928 487 1106 955 444 1099 1002 965 1094 753 986 837 734 969 1102 855 474 913 900 1103 892 505 888 483 858 849 838 875 454 833 906 967 812 863 510 841 996 851 1090 951 978 971 1022 497 958 989 1016 973 884 471 950 959 862 1087 886 919 1076 895 946 921 1096 1083 914 943 966 987 794 867 960 925 1100 1077 1080 997 1006 871 894 1089 976 907 1062 883 868 493 1050 551 880 1105 478 223 826 201 1066 213 180 873 202 1081 134 151 142 161 170 137 126 133 150 121 537 127 543 631 553 679 557 131 519 147 573 129 547 540 1086 111 361 1075 533 410 1070 689 539 1079 549 125 391 359 116 139 274 1073 362 153 148 1061 184 243 226 581 186 233 1044 205 244 1069 1074 225 214 1063 220 209 242 1035 1052 257 210 261 238 439 246 459 448 541 550 579 1078 575 542 559 526 531 1064 1059 1068 831 518 881 546 975 532 853 940 567 1042 945 1054 979 582 1067 570 911 982 563 824 523 820 621 590 899 1024 1029 980 1065 972 1057 1072 443 856 1009 1060 961 870 865 954 937 860 1071 992 893 896 571 882 993 1040 1023 1008 953 1058 927 968 977 878 1039 872 1019 942 985 1000 1011 1020 877 952 885 898 1001 1012 981 912 1003 1026 1015 
Total Elapsed Time : 13.786

CSP with Arc Consistency>
Total Elapsed Time : 0.002

