Standard CSP>
Total Elapsed Time : 0.001

CSP with Forward Checking>
Location : 0 3 74 7 25 30 72 36 73 71 41 1 70 39 2 38 8 20 56 69 66 63 33 16 68 43 4 67 14 27 35 40 6 65 62 5 12 17 34 51 64 9 24 15 58 61 54 26 19 13 60 57 18 11 53 42 47 22 55 10 49 44 29 32 23 59 50 52 21 46 31 28 45 48 37 
Total Elapsed Time : 0.019

CSP with Arc Consistency>
Location : 0 3 74 7 25 30 72 36 73 71 41 1 70 39 2 38 8 20 56 69 66 63 33 16 68 43 4 67 14 27 35 40 6 65 62 5 12 17 34 51 64 9 24 15 58 61 54 26 19 13 60 57 18 11 53 42 47 22 55 10 49 44 29 32 23 59 50 52 21 46 31 28 45 48 37 
Total Elapsed Time : 0.153

