Standard CSP>
Total Elapsed Time : 0.002

CSP with Forward Checking>
Location : 0 3 6 17 40 345 30 349 224 81 111 153 348 1 138 143 129 134 132 159 338 126 115 347 133 238 117 139 131 127 114 343 346 165 342 157 187 335 148 329 234 167 344 206 189 232 2 209 196 341 152 228 175 339 4 202 199 193 340 212 121 222 332 256 336 244 119 208 225 99 203 104 334 92 195 333 241 214 326 250 146 240 328 337 219 327 85 218 8 325 106 331 82 183 90 145 215 236 330 248 93 150 88 313 322 161 233 185 83 144 120 323 113 242 316 72 64 96 100 319 89 58 310 178 320 162 324 70 66 311 75 46 10 309 73 321 300 204 122 186 235 307 217 52 67 76 318 160 124 24 91 303 77 48 314 247 302 53 312 57 86 78 41 56 249 315 112 32 54 135 61 301 155 194 197 169 60 47 59 36 231 172 245 51 261 166 156 192 109 200 207 15 273 65 191 168 223 184 205 285 257 274 18 158 43 164 201 55 37 5 239 276 101 71 118 254 130 63 125 9 103 281 151 293 177 237 284 11 213 176 282 299 294 19 94 279 264 317 270 69 84 7 12 277 292 107 22 49 42 275 14 297 306 33 16 295 74 265 108 95 80 87 20 305 116 97 44 21 50 29 308 289 110 179 62 25 268 45 34 23 26 13 136 31 304 198 174 39 28 188 98 105 298 27 246 269 68 102 296 35 38 123 226 283 170 79 278 267 182 243 288 255 280 221 190 171 216 181 128 147 260 251 286 259 252 287 220 229 210 163 272 211 290 173 266 227 142 291 180 137 230 141 154 253 262 149 258 263 140 271 
Total Elapsed Time : 0.324

CSP with Arc Consistency>
Location : 0 3 6 17 40 345 30 349 224 81 111 153 348 1 138 143 129 134 132 159 338 126 115 347 133 238 117 139 131 127 114 343 346 165 342 157 187 335 148 329 234 167 344 206 189 232 2 209 196 341 152 228 175 339 4 202 199 193 340 212 121 222 332 256 336 244 119 208 225 99 203 104 334 92 195 333 241 214 326 250 146 240 328 337 219 327 85 218 8 325 106 331 82 183 90 145 215 236 330 248 93 150 88 313 322 161 233 185 83 144 120 323 113 242 316 72 64 96 100 319 89 58 310 178 320 162 324 70 66 311 75 46 10 309 73 321 300 204 122 186 235 307 217 52 67 76 318 160 124 24 91 303 77 48 314 247 302 53 312 57 86 78 41 56 249 315 112 32 54 135 61 301 155 194 197 169 60 47 59 36 231 172 245 51 261 166 156 192 109 200 207 15 273 65 191 168 223 184 205 285 257 274 18 158 43 164 201 55 37 5 239 276 101 71 118 254 130 63 125 9 103 281 151 293 177 237 284 11 213 176 282 299 294 19 94 279 264 317 270 69 84 7 12 277 292 107 22 49 42 275 14 297 306 33 16 295 74 265 108 95 80 87 20 305 116 97 44 21 50 29 308 289 110 179 62 25 268 45 34 23 26 13 136 31 304 198 174 39 28 188 98 105 298 27 246 269 68 102 296 35 38 123 226 283 170 79 278 267 182 243 288 255 280 221 190 171 216 181 128 147 260 251 286 259 252 287 220 229 210 163 272 211 290 173 266 227 142 291 180 137 230 141 154 253 262 149 258 263 140 271 
Total Elapsed Time : 64.471

