Standard CSP>
Total Elapsed Time : 0.003

CSP with Forward Checking>
Location : 0 3 6 17 40 295 30 299 165 81 153 157 298 1 102 106 99 103 169 104 288 101 161 297 151 120 128 119 182 130 147 293 296 188 292 109 154 285 97 279 136 111 294 107 193 94 2 206 138 291 87 133 180 289 4 162 91 210 290 226 88 113 282 125 286 143 63 82 181 123 100 127 284 36 145 283 190 200 276 176 89 62 278 287 67 277 96 135 8 275 189 281 203 122 86 156 45 117 280 204 126 124 202 263 272 158 262 93 211 178 50 273 270 116 53 265 10 16 71 238 79 269 35 58 268 76 260 194 129 259 12 139 21 271 191 174 69 261 18 172 266 192 155 148 163 73 48 14 227 74 56 267 199 146 31 121 196 217 55 170 115 140 34 108 274 252 187 235 27 43 225 142 64 150 19 240 171 47 38 222 24 65 83 110 75 54 160 186 219 85 90 37 80 105 33 25 237 59 264 84 78 144 175 228 246 255 250 205 42 231 248 257 177 183 46 233 72 207 22 29 232 9 256 15 44 39 258 7 68 23 52 13 98 61 20 251 26 5 244 51 234 195 92 49 70 41 218 11 95 197 179 168 60 167 216 173 28 253 242 57 184 77 152 239 208 247 66 213 166 221 32 249 236 149 254 243 118 131 164 137 214 185 224 241 220 245 212 209 112 141 198 201 230 223 132 159 114 229 134 215 
Total Elapsed Time : 0.199

CSP with Arc Consistency>
Location : 0 3 6 17 40 295 30 299 165 81 153 157 298 1 102 106 99 103 147 104 288 101 169 297 151 120 161 119 182 130 128 293 296 188 292 109 154 285 97 279 136 111 294 107 193 94 2 206 138 291 87 133 180 289 4 162 91 210 290 226 88 113 282 125 286 143 63 82 181 123 100 127 284 36 145 283 190 200 276 176 89 62 278 287 67 277 96 135 8 275 189 281 203 122 86 156 45 117 280 204 126 124 202 263 272 158 262 93 211 178 50 273 270 116 53 265 10 16 71 238 79 269 35 58 268 76 260 194 129 259 12 139 21 271 191 174 69 261 18 172 266 192 155 148 163 73 48 14 227 74 56 267 199 146 31 121 196 217 55 170 115 140 34 108 274 252 187 235 27 43 225 142 64 150 19 240 171 47 38 222 24 65 83 110 75 54 160 186 219 85 90 37 80 105 33 25 237 59 264 84 78 144 175 228 246 255 250 205 42 231 248 257 177 183 46 233 72 207 22 29 232 9 256 15 44 39 258 7 68 23 52 13 98 61 20 251 26 5 244 51 234 195 92 49 70 41 218 11 95 197 179 168 60 167 216 173 28 253 242 57 184 77 152 239 208 247 66 213 166 221 32 249 236 149 254 243 118 131 164 137 214 185 224 241 220 245 212 209 112 141 198 201 230 223 132 159 114 229 134 215 
Total Elapsed Time : 28.346

