Standard CSP>
Total Elapsed Time : 0.002

CSP with Forward Checking>
Location : 0 3 6 17 40 207 30 211 52 81 120 114 210 1 63 74 84 128 95 103 200 110 70 209 157 83 121 115 88 75 69 205 208 62 204 131 45 197 72 191 66 117 206 118 85 132 2 65 39 203 151 50 165 201 196 48 68 140 96 124 198 142 113 136 4 199 71 51 194 42 92 127 100 44 53 154 192 138 202 181 133 126 188 183 73 193 190 158 55 34 19 5 49 160 91 189 186 47 145 54 174 87 37 46 135 187 129 82 111 116 180 59 8 156 20 18 78 93 168 109 107 185 24 15 125 7 90 13 43 23 79 36 172 60 14 148 152 67 58 16 28 9 184 195 56 11 141 64 76 57 182 35 22 147 26 29 164 89 178 97 137 21 80 27 12 175 162 25 10 106 32 163 105 179 98 134 139 31 77 177 41 33 143 61 166 94 144 155 38 123 112 169 102 173 130 167 122 101 150 159 146 171 176 119 170 149 104 161 108 99 86 153 
Total Elapsed Time : 0.104

CSP with Arc Consistency>
Location : 0 3 6 17 40 207 30 211 52 81 120 114 210 1 63 74 84 128 95 103 200 110 70 209 157 83 121 115 88 75 69 205 208 62 204 131 45 197 72 191 66 117 206 118 85 132 2 65 39 203 151 50 165 201 196 48 68 140 96 124 198 142 113 136 4 199 71 51 194 42 92 127 100 44 53 154 192 138 202 181 133 126 188 183 73 193 190 158 55 34 19 5 49 160 91 189 186 47 145 54 174 87 37 46 135 187 129 82 111 116 180 59 8 156 20 18 78 93 168 109 107 185 24 15 125 7 90 13 43 23 79 36 172 60 14 148 152 67 58 16 28 9 184 195 56 11 141 64 76 57 182 35 22 147 26 29 164 89 178 97 137 21 80 27 12 175 162 25 10 106 32 163 105 179 98 134 139 31 77 177 41 33 143 61 166 94 144 155 38 123 112 169 102 173 130 167 122 101 150 159 146 171 176 119 170 149 104 161 108 99 86 153 
Total Elapsed Time : 5.953

