Standard CSP>
Total Elapsed Time : 0.001

CSP with Forward Checking>
Location : 0 3 6 17 40 95 30 99 47 59 68 55 98 1 70 49 63 37 96 71 66 53 60 97 64 33 12 69 2 5 22 93 38 13 94 25 90 85 56 11 8 39 20 4 72 86 51 10 19 7 80 54 46 79 18 21 91 14 87 74 15 48 84 73 89 78 41 32 35 65 82 88 83 92 28 52 45 61 34 58 81 76 67 9 31 23 77 57 16 62 27 44 26 36 75 24 29 42 50 43 
Total Elapsed Time : 0.034

CSP with Arc Consistency>
Location : 0 3 6 17 40 95 30 99 47 59 68 55 98 1 70 49 63 37 96 71 66 53 60 97 64 33 12 69 2 5 22 93 38 13 94 25 90 85 56 11 8 39 20 4 72 86 51 10 19 7 80 54 46 79 18 21 91 14 87 74 15 48 84 73 89 78 41 32 35 65 82 88 83 92 28 52 45 61 34 58 81 76 67 9 31 23 77 57 16 62 27 44 26 36 75 24 29 42 50 43 
Total Elapsed Time : 0.489

