Standard CSP>
Total Elapsed Time : 0.006

CSP with Forward Checking>
Location : 0 3 6 17 40 1007 30 1011 341 81 551 431 1010 1 533 409 255 357 259 297 1000 369 247 1009 375 379 283 399 525 411 267 1005 1008 413 1004 277 254 997 531 991 253 415 1006 421 521 387 2 437 281 1003 265 419 243 1001 4 381 257 391 1002 435 242 373 994 427 998 423 285 383 268 407 251 433 996 439 249 995 303 299 988 401 537 327 990 999 261 989 547 250 8 987 545 993 559 245 567 349 519 275 992 363 530 499 441 975 984 309 541 248 487 273 445 985 555 264 978 301 557 343 353 981 565 345 972 262 982 222 986 347 532 973 569 234 10 971 563 983 962 317 585 453 577 969 595 230 543 238 523 220 980 190 583 965 538 216 960 232 587 236 607 194 976 260 527 365 974 278 472 256 619 202 480 192 635 977 518 967 579 184 549 270 561 224 589 198 488 280 599 959 581 272 307 660 968 182 964 240 623 200 553 210 575 258 571 288 613 228 627 963 300 953 593 276 314 684 966 323 529 186 284 290 320 204 478 961 625 188 956 218 643 114 316 180 958 622 639 957 324 408 286 397 954 945 667 440 655 368 233 377 950 955 302 578 588 354 294 336 952 949 576 620 556 566 560 322 948 951 542 342 239 544 665 624 580 947 979 648 568 694 946 385 540 510 241 943 938 632 209 650 633 680 215 634 223 712 651 692 237 646 564 640 213 500 661 690 231 642 601 460 597 416 229 618 629 444 517 700 944 638 649 70 221 630 605 466 609 454 225 574 572 584 631 698 548 448 932 384 970 446 207 458 197 552 942 616 227 450 235 610 663 80 603 662 211 78 683 534 219 628 191 590 641 612 502 937 193 614 685 514 691 935 940 931 159 558 486 536 922 526 657 356 535 939 679 933 482 306 928 366 522 370 934 528 506 841 183 927 695 915 524 364 677 348 836 116 930 843 858 829 699 821 926 941 681 925 175 550 520 923 914 825 820 378 63 88 169 154 621 835 484 817 920 62 452 921 784 546 496 582 161 158 179 919 87 380 709 166 918 392 924 388 617 418 713 382 212 398 65 410 615 432 916 929 494 298 910 420 173 917 512 372 47 404 111 205 834 340 735 905 723 77 79 813 810 807 611 909 912 901 76 687 906 125 764 707 782 777 936 165 756 819 780 787 672 793 136 753 744 775 150 139 718 741 654 659 142 802 809 5 752 669 682 757 806 763 98 717 92 147 828 739 833 167 156 149 160 119 803 263 138 49 104 163 144 434 126 157 26 137 266 426 252 155 244 73 32 19 42 33 110 271 60 43 118 133 18 325 35 289 28 414 44 168 74 68 274 151 53 562 34 29 148 586 493 132 465 96 56 596 39 608 495 37 358 59 308 592 491 394 507 594 515 602 318 554 338 604 513 600 457 570 447 406 467 456 475 666 455 428 511 367 461 422 501 490 497 402 362 291 310 504 334 329 479 400 312 295 489 464 509 319 350 462 328 412 296 333 395 287 344 305 66 321 539 55 330 293 54 311 304 269 52 335 72 313 90 337 332 315 108 331 876 883 106 279 292 75 46 135 140 85 100 61 86 115 36 45 728 83 884 67 84 103 196 21 58 109 880 779 20 107 208 185 792 875 172 41 896 881 50 23 760 27 878 69 48 783 24 7 894 789 64 15 22 871 734 913 112 99 726 31 804 57 854 755 124 781 12 795 772 89 908 95 724 171 900 181 170 121 246 725 82 911 120 93 770 11 94 187 146 13 122 145 774 907 130 113 898 891 904 127 732 153 102 97 16 903 892 9 14 897 374 733 902 71 758 25 38 105 360 899 738 51 352 371 888 339 326 359 882 895 396 351 748 689 762 573 746 361 696 887 890 403 644 889 808 877 870 745 788 799 816 885 664 355 768 637 742 711 736 653 730 815 818 693 376 591 790 797 776 771 704 671 814 873 714 503 386 773 874 647 868 857 670 861 702 893 470 673 886 769 710 791 754 719 636 759 652 729 706 189 176 143 708 675 152 141 174 869 128 705 794 129 162 91 477 195 425 851 866 879 134 117 473 678 203 686 864 505 405 598 164 606 417 101 471 123 872 282 178 688 852 131 492 217 226 849 430 451 214 201 206 459 676 859 442 199 848 485 346 847 516 177 438 429 424 481 860 449 842 701 846 389 468 855 722 697 474 845 656 443 498 393 390 469 476 645 800 703 832 483 840 863 668 853 436 747 862 743 826 765 838 463 508 767 658 715 830 721 844 749 674 761 626 865 856 785 750 839 716 823 798 867 766 731 778 737 824 837 786 805 720 751 812 727 850 827 796 811 822 801 740 831 
Total Elapsed Time : 6.311

CSP with Arc Consistency>
Total Elapsed Time : 0.001

